14.114391143911439
8.939114391143912
0.940959409594096
0.470479704797048
1.881918819188192
5.645756457564576
3.293357933579336
2.3523985239852396
4.234317343173432
9.880073800738007
10.350553505535055
12.702952029520295
9.409594095940959
4.704797047970479
5.175276752767528
9.409594095940959
6.586715867158672
3.763837638376384
3.763837638376384
3.763837638376384
6.1162361623616235
4.704797047970479
7.057195571955719
7.527675276752768
6.586715867158672
9.880073800738007
10.821033210332104
6.586715867158672
5.175276752767528
10.821033210332104
10.821033210332104
12.232472324723247
13.173431734317344
6.586715867158672
7.527675276752768
7.057195571955719
6.586715867158672
7.527675276752768
6.1162361623616235
11.291512915129152
9.409594095940959
4.234317343173432
7.998154981549815
10.350553505535055
6.1162361623616235
7.998154981549815
5.175276752767528
6.586715867158672
6.1162361623616235
9.409594095940959
7.057195571955719
5.645756457564576
6.1162361623616235
7.527675276752768
3.293357933579336
8.468634686346864
5.645756457564576
6.1162361623616235
9.409594095940959
8.939114391143912
10.821033210332104
7.527675276752768
12.232472324723247
13.173431734317344
10.821033210332104
10.821033210332104
10.350553505535055
7.998154981549815
7.527675276752768
7.527675276752768
7.527675276752768
6.1162361623616235
8.468634686346864
4.704797047970479
7.057195571955719
7.527675276752768
2.822878228782288
5.175276752767528
6.1162361623616235
5.645756457564576
6.1162361623616235
5.645756457564576
3.293357933579336
3.293357933579336
5.175276752767528
7.527675276752768
7.057195571955719
3.763837638376384
2.3523985239852396
3.763837638376384
4.704797047970479
4.704797047970479
4.234317343173432
2.822878228782288
4.234317343173432
3.293357933579336
3.293357933579336
4.704797047970479
3.763837638376384
4.234317343173432
3.763837638376384
1.881918819188192
4.704797047970479
2.822878228782288
4.704797047970479
7.527675276752768
7.057195571955719
5.645756457564576
5.645756457564576
5.175276752767528
4.704797047970479
3.763837638376384
5.175276752767528
5.645756457564576
5.175276752767528
4.234317343173432
5.645756457564576
4.234317343173432
5.175276752767528
5.645756457564576
3.763837638376384
2.822878228782288
2.822878228782288
3.293357933579336
3.763837638376384
3.763837638376384
6.586715867158672
3.293357933579336
5.175276752767528
7.527675276752768
3.293357933579336
3.293357933579336
3.293357933579336
5.645756457564576
3.763837638376384
1.881918819188192
3.293357933579336
4.704797047970479
2.822878228782288
3.763837638376384
1.881918819188192
2.3523985239852396
1.881918819188192
2.3523985239852396
3.763837638376384
3.293357933579336
2.822878228782288
2.822878228782288
2.3523985239852396
3.293357933579336
3.763837638376384
2.822878228782288
2.822878228782288
4.234317343173432
5.645756457564576
5.175276752767528
1.881918819188192
0.940959409594096
1.881918819188192
2.822878228782288
0.940959409594096
2.3523985239852396
6.586715867158672
1.881918819188192
2.3523985239852396
1.411439114391144
1.881918819188192
1.881918819188192
2.3523985239852396
1.881918819188192
3.293357933579336
2.822878228782288
3.763837638376384
10.350553505535055
6.1162361623616235
6.586715867158672
4.234317343173432
3.763837638376384
5.645756457564576
4.704797047970479
1.881918819188192
4.704797047970479
3.293357933579336
2.3523985239852396
1.881918819188192
3.293357933579336
4.234317343173432
3.763837638376384
2.822878228782288
2.822878228782288
4.704797047970479
5.175276752767528
6.1162361623616235
4.234317343173432
5.645756457564576
4.704797047970479
4.704797047970479
3.763837638376384
1.881918819188192
2.3523985239852396
1.881918819188192
2.3523985239852396
4.234317343173432
5.645756457564576
2.3523985239852396
2.3523985239852396
2.3523985239852396
3.293357933579336
2.822878228782288
2.3523985239852396
2.3523985239852396
4.704797047970479
5.175276752767528
3.763837638376384
3.763837638376384
4.234317343173432
2.3523985239852396
2.822878228782288
5.645756457564576
2.3523985239852396
4.704797047970479
6.586715867158672
5.175276752767528
7.057195571955719
4.704797047970479
3.293357933579336
2.822878228782288
3.293357933579336
3.763837638376384
3.763837638376384
3.293357933579336
1.411439114391144
2.822878228782288
2.822878228782288
3.293357933579336
3.293357933579336
4.234317343173432
6.1162361623616235
5.645756457564576
6.1162361623616235
2.822878228782288
6.586715867158672
3.293357933579336
1.881918819188192
1.881918819188192
2.3523985239852396
6.586715867158672
5.175276752767528
6.1162361623616235
4.234317343173432
4.234317343173432
6.1162361623616235
3.293357933579336
5.645756457564576
5.645756457564576
9.880073800738007
8.468634686346864
6.586715867158672
5.645756457564576
4.704797047970479
4.234317343173432
3.293357933579336
3.293357933579336
3.763837638376384
5.175276752767528
3.763837638376384
3.293357933579336
2.3523985239852396
3.293357933579336
2.3523985239852396
2.822878228782288
2.3523985239852396
3.293357933579336
3.293357933579336
5.645756457564576
3.763837638376384
2.3523985239852396
4.234317343173432
3.293357933579336
4.704797047970479
4.234317343173432
3.293357933579336
3.763837638376384
4.234317343173432
4.234317343173432
4.234317343173432
4.234317343173432
3.293357933579336
3.763837638376384
2.822878228782288
3.293357933579336
2.3523985239852396
3.293357933579336
3.763837638376384
3.763837638376384
5.645756457564576
3.293357933579336
5.175276752767528
3.293357933579336
2.3523985239852396
5.645756457564576
2.822878228782288
2.822878228782288
3.763837638376384
2.3523985239852396
1.881918819188192
3.293357933579336
3.763837638376384
2.3523985239852396
4.704797047970479
3.763837638376384
2.3523985239852396
3.293357933579336
4.234317343173432
4.234317343173432
2.822878228782288
1.881918819188192
1.881918819188192
0.940959409594096
1.411439114391144
3.293357933579336
1.411439114391144
2.822878228782288
0.940959409594096
1.881918819188192
1.881918819188192
1.411439114391144
1.881918819188192
2.822878228782288
2.822878228782288
3.763837638376384
3.293357933579336
3.293357933579336
1.881918819188192
3.763837638376384
1.881918819188192
2.3523985239852396
4.234317343173432
4.704797047970479
8.468634686346864
3.763837638376384
8.468634686346864
11.291512915129152
7.057195571955719
4.234317343173432
3.293357933579336
3.763837638376384
3.293357933579336
2.822878228782288
3.293357933579336
15.99630996309963
9.409594095940959
4.234317343173432
5.175276752767528
4.234317343173432
7.527675276752768
10.350553505535055
1.881918819188192
1.411439114391144
1.881918819188192
0.940959409594096
2.3523985239852396
1.881918819188192
2.3523985239852396
2.822878228782288
5.175276752767528
3.763837638376384
2.3523985239852396
2.822878228782288
0.940959409594096
2.3523985239852396
3.293357933579336
2.822878228782288
2.822878228782288
0.940959409594096
0.940959409594096
0.470479704797048
1.881918819188192
1.411439114391144
1.411439114391144
1.881918819188192
2.3523985239852396
1.881918819188192
1.881918819188192
2.3523985239852396
2.822878228782288
1.881918819188192
2.822878228782288
1.411439114391144
1.881918819188192
1.411439114391144
2.3523985239852396
3.293357933579336
2.3523985239852396
0.470479704797048
0.940959409594096
4.234317343173432
2.3523985239852396
3.293357933579336
3.763837638376384
2.3523985239852396
1.881918819188192
1.881918819188192
2.3523985239852396
1.881918819188192
3.293357933579336
2.822878228782288
2.822878228782288
1.881918819188192
0.470479704797048
2.3523985239852396
0.470479704797048
1.411439114391144
2.3523985239852396
2.822878228782288
2.3523985239852396
2.822878228782288
1.881918819188192
1.411439114391144
1.411439114391144
0.470479704797048
0.470479704797048
1.411439114391144
1.881918819188192
0.940959409594096
0.470479704797048
0.940959409594096
0.940959409594096
0.940959409594096
1.411439114391144
1.881918819188192
3.293357933579336
2.3523985239852396
3.293357933579336
1.881918819188192
2.822878228782288
2.822878228782288
1.881918819188192
1.411439114391144
0.940959409594096
1.411439114391144
0.940959409594096
1.411439114391144
1.881918819188192
2.3523985239852396
1.881918819188192
2.3523985239852396
1.411439114391144
1.881918819188192
2.822878228782288
2.3523985239852396
0.940959409594096
1.411439114391144
1.881918819188192
2.822878228782288
0.940959409594096
1.411439114391144
0.940959409594096
1.881918819188192
0.940959409594096
1.411439114391144
1.411439114391144
1.411439114391144
1.411439114391144
2.3523985239852396
1.881918819188192
0.940959409594096
1.411439114391144
0.940959409594096
2.822878228782288
0.940959409594096
1.411439114391144
1.881918819188192
0.470479704797048
0.470479704797048
1.411439114391144
1.411439114391144
1.881918819188192
1.411439114391144
1.881918819188192
1.881918819188192
3.293357933579336
1.881918819188192
0.940959409594096
1.881918819188192
0.940959409594096
0.0
0.0
1.881918819188192
3.293357933579336
3.763837638376384
2.822878228782288
2.3523985239852396
2.3523985239852396
4.234317343173432
3.293357933579336
2.3523985239852396
1.881918819188192
1.881918819188192
2.3523985239852396
1.881918819188192
1.411439114391144
0.470479704797048
0.940959409594096
0.0
0.940959409594096
1.881918819188192
1.411439114391144
0.940959409594096
0.470479704797048
1.881918819188192
0.0
0.940959409594096
2.3523985239852396
1.881918819188192
1.411439114391144
3.293357933579336
0.940959409594096
0.470479704797048
0.470479704797048
1.411439114391144
1.411439114391144
1.411439114391144
0.940959409594096
2.3523985239852396
2.3523985239852396
1.881918819188192
0.940959409594096
1.411439114391144
1.881918819188192
0.470479704797048
1.411439114391144
0.940959409594096
2.822878228782288
2.3523985239852396
0.940959409594096
0.940959409594096
0.470479704797048
3.763837638376384
4.704797047970479
2.822878228782288
1.881918819188192
1.411439114391144
3.763837638376384
2.822878228782288
1.411439114391144
0.940959409594096
1.411439114391144
2.3523985239852396
1.881918819188192
1.411439114391144
2.3523985239852396
1.411439114391144
1.881918819188192
0.0
0.940959409594096
0.940959409594096
0.940959409594096
0.940959409594096
1.881918819188192
1.881918819188192
1.411439114391144
2.3523985239852396
1.411439114391144
1.881918819188192
1.881918819188192
1.881918819188192
1.881918819188192
1.411439114391144
1.411439114391144
0.940959409594096
0.0
1.881918819188192
1.411439114391144
1.881918819188192
3.763837638376384
2.822878228782288
2.3523985239852396
0.940959409594096
0.940959409594096
2.3523985239852396
2.3523985239852396
2.3523985239852396
1.881918819188192
1.881918819188192
3.293357933579336
1.411439114391144
1.881918819188192
3.293357933579336
3.293357933579336
2.822878228782288
2.3523985239852396
1.411439114391144
3.293357933579336
1.411439114391144
2.822878228782288
2.3523985239852396
0.940959409594096
1.881918819188192
1.411439114391144
3.293357933579336
1.881918819188192
2.822878228782288
1.881918819188192
2.822878228782288
0.940959409594096
0.940959409594096
2.3523985239852396
1.881918819188192
1.881918819188192
0.940959409594096
2.822878228782288
1.411439114391144
1.411439114391144
1.411439114391144
0.470479704797048
0.940959409594096
0.940959409594096
1.881918819188192
2.3523985239852396
2.822878228782288
2.822878228782288
1.881918819188192
0.940959409594096
1.411439114391144
1.411439114391144
0.940959409594096
0.470479704797048
1.411439114391144
2.3523985239852396
1.411439114391144
1.411439114391144
3.293357933579336
4.234317343173432
4.234317343173432
2.3523985239852396
1.881918819188192
2.822878228782288
3.763837638376384
2.822878228782288
2.822878228782288
3.293357933579336
1.881918819188192
1.411439114391144
0.940959409594096
0.470479704797048
0.940959409594096
1.411439114391144
2.822878228782288
1.881918819188192
0.940959409594096
2.3523985239852396
1.411439114391144
0.470479704797048
1.881918819188192
3.293357933579336
1.881918819188192
1.411439114391144
1.411439114391144
1.881918819188192
0.940959409594096
1.411439114391144
0.940959409594096
0.940959409594096
1.411439114391144
2.3523985239852396
2.3523985239852396
3.293357933579336
4.234317343173432
4.234317343173432
2.822878228782288
3.763837638376384
2.822878228782288
4.234317343173432
5.175276752767528
3.763837638376384
5.175276752767528
5.175276752767528
3.763837638376384
6.1162361623616235
5.175276752767528
3.763837638376384
1.881918819188192
3.293357933579336
5.175276752767528
3.293357933579336
3.763837638376384
3.763837638376384
4.234317343173432
5.175276752767528
4.234317343173432
4.234317343173432
3.763837638376384
3.293357933579336
4.704797047970479
4.234317343173432
4.234317343173432
4.704797047970479
6.1162361623616235
5.645756457564576
6.586715867158672
7.057195571955719
5.645756457564576
3.763837638376384
4.704797047970479
6.1162361623616235
3.763837638376384
4.704797047970479
4.234317343173432
5.175276752767528
4.234317343173432
3.763837638376384
2.822878228782288
4.234317343173432
3.763837638376384
2.3523985239852396
4.234317343173432
2.822878228782288
2.3523985239852396
3.763837638376384
2.3523985239852396
0.940959409594096
2.822878228782288
1.411439114391144
1.411439114391144
2.822878228782288
2.822878228782288
4.234317343173432
4.234317343173432
4.234317343173432
2.3523985239852396
2.3523985239852396
0.940959409594096
2.3523985239852396
2.822878228782288
5.175276752767528
3.293357933579336
3.763837638376384
2.3523985239852396
3.763837638376384
3.293357933579336
4.704797047970479
3.293357933579336
3.763837638376384
2.3523985239852396
1.881918819188192
1.411439114391144
0.470479704797048
0.940959409594096
0.940959409594096
1.411439114391144
1.881918819188192
2.822878228782288
4.704797047970479
2.3523985239852396
2.822878228782288
3.293357933579336
2.822878228782288
2.822878228782288
2.822878228782288
1.881918819188192
2.3523985239852396
2.822878228782288
3.293357933579336
1.411439114391144
2.3523985239852396
1.881918819188192
1.411439114391144
1.881918819188192
3.763837638376384
4.234317343173432
4.704797047970479
3.293357933579336
2.3523985239852396
4.234317343173432
2.822878228782288
1.411439114391144
2.822878228782288
0.470479704797048
0.940959409594096
1.411439114391144
1.411439114391144
2.822878228782288
1.881918819188192
2.3523985239852396
2.3523985239852396
2.822878228782288
2.822878228782288
4.704797047970479
4.234317343173432
2.822878228782288
2.3523985239852396
2.822878228782288
2.3523985239852396
4.234317343173432
4.704797047970479
4.234317343173432
3.763837638376384
3.293357933579336
3.763837638376384
3.293357933579336
3.293357933579336
4.704797047970479
4.234317343173432
2.3523985239852396
2.3523985239852396
5.645756457564576
4.234317343173432
5.175276752767528
2.822878228782288
3.763837638376384
6.586715867158672
1.881918819188192
1.881918819188192
3.293357933579336
4.234317343173432
6.586715867158672
4.704797047970479
5.645756457564576
6.1162361623616235
3.763837638376384
7.998154981549815
8.939114391143912
7.057195571955719
7.057195571955719
5.175276752767528
5.175276752767528
5.175276752767528
3.763837638376384
2.822878228782288
3.293357933579336
2.822878228782288
3.293357933579336
3.293357933579336
3.293357933579336
3.763837638376384
2.3523985239852396
2.822878228782288
7.057195571955719
2.822878228782288
1.411439114391144
3.763837638376384
0.940959409594096
0.940959409594096
1.411439114391144
2.3523985239852396
2.822878228782288
1.411439114391144
1.411439114391144
1.411439114391144
2.822878228782288
2.3523985239852396
3.763837638376384
8.468634686346864
6.586715867158672
4.704797047970479
3.293357933579336
2.822878228782288
4.704797047970479
3.293357933579336
4.234317343173432
4.234317343173432
2.822878228782288
3.763837638376384
4.234317343173432
2.822878228782288
2.3523985239852396
3.293357933579336
3.763837638376384
2.822878228782288
2.822878228782288
3.293357933579336
3.293357933579336
2.3523985239852396
1.411439114391144
1.411439114391144
2.3523985239852396
1.881918819188192
1.881918819188192
3.763837638376384
1.881918819188192
2.822878228782288
3.763837638376384
2.822878228782288
2.3523985239852396
2.3523985239852396
1.881918819188192
2.3523985239852396
2.3523985239852396
2.3523985239852396
2.822878228782288
2.822878228782288
1.411439114391144
4.704797047970479
4.234317343173432
2.3523985239852396
3.763837638376384
3.763837638376384
3.293357933579336
3.763837638376384
3.293357933579336
11.761992619926199
2.3523985239852396
1.411439114391144
0.0
0.470479704797048
0.940959409594096
0.470479704797048
1.411439114391144
0.940959409594096
1.411439114391144
1.881918819188192
1.411439114391144
0.470479704797048
0.470479704797048
0.940959409594096
0.0
0.0
0.470479704797048
0.470479704797048
0.470479704797048
0.940959409594096
0.0
0.0
0.470479704797048
0.470479704797048
0.470479704797048
0.470479704797048
0.470479704797048
0.940959409594096
0.470479704797048
0.470479704797048
0.470479704797048
0.470479704797048
1.411439114391144
0.470479704797048
0.470479704797048
0.0
0.0
0.0
0.0
0.0
0.0
0.470479704797048
0.470479704797048
0.470479704797048
0.470479704797048
0.470479704797048
0.470479704797048
0.940959409594096
1.411439114391144
1.411439114391144
1.411439114391144
1.411439114391144
1.411439114391144
0.940959409594096
1.881918819188192
0.470479704797048
0.470479704797048
0.470479704797048
0.470479704797048
0.470479704797048
0.470479704797048
0.470479704797048
0.470479704797048
0.470479704797048
0.470479704797048
0.470479704797048
1.881918819188192
0.940959409594096
0.940959409594096
0.940959409594096
0.940959409594096
1.411439114391144
2.822878228782288
1.411439114391144
0.470479704797048
0.470479704797048
0.470479704797048
0.470479704797048
0.470479704797048
0.470479704797048
0.470479704797048
1.411439114391144
0.470479704797048
1.881918819188192
1.411439114391144
0.940959409594096
1.411439114391144
1.881918819188192
0.940959409594096
1.411439114391144
0.940959409594096
1.881918819188192
1.411439114391144
0.940959409594096
0.940959409594096
0.940959409594096
0.940959409594096
0.940959409594096
0.940959409594096
0.940959409594096
1.881918819188192
1.881918819188192
0.470479704797048
1.881918819188192
0.940959409594096
1.881918819188192
1.411439114391144
1.411439114391144
1.411439114391144
0.940959409594096
0.470479704797048
1.411439114391144
2.3523985239852396
3.293357933579336
1.411439114391144
0.940959409594096
0.940959409594096
0.940959409594096
0.470479704797048
0.940959409594096
1.411439114391144
1.881918819188192
1.411439114391144
1.411439114391144
1.411439114391144
0.940959409594096
0.470479704797048
0.940959409594096
1.411439114391144
0.470479704797048
1.411439114391144
1.411439114391144
0.940959409594096
0.940959409594096
7.527675276752768
0.0
0.470479704797048
0.940959409594096
